Baseline_Control
1 5.050
2 5.100
3 5.150
4 5.200
5 5.250
6 5.300
7 5.350
8 5.400
9 5.450
10 5.500
11 5.550
12 5.600
13 5.650
14 5.700
15 5.750
16 5.800
17 5.850
18 5.900
19 5.950
20 6.000
Pass_Test1
1 5.197
2 5.142
3 5.167
4 5.255
5 5.353
6 5.383
7 5.269
8 5.260
9 5.395
10 5.430
11 5.463
12 5.733
13 5.763
14 5.644
15 5.797
16 5.769
17 5.974
18 5.888
19 5.879
20 5.924
Fail_Test2
1 4.355
2 4.365
3 4.624
4 4.879
5 4.810
6 4.868
7 5.309
8 5.244
9 5.206
10 5.319
11 5.474
12 5.811
13 6.007
14 5.989
15 5.975
16 6.233
17 6.608
18 6.552
19 6.858
20 6.944
