Match_RunA
1 11.420
2 12.093
3 13.186
4 13.666
5 14.171
6 13.779
7 13.206
8 11.499
9 10.502
10 8.862
11 7.770
12 6.977
13 5.905
14 5.763
15 6.284
16 6.783
17 7.464
18 8.954
19 10.448
20 11.102
21 12.873
22 13.628
23 13.802
24 13.682
25 13.915
26 12.619
27 11.323
28 10.043
29 9.320
30 7.907
MisMatch_RunB
1 11.960
2 12.500
3 12.527
4 12.618
5 11.473
6 10.604
7 9.591
8 8.096
9 7.019
10 5.716
11 5.054
12 4.162
13 4.380
14 4.930
15 5.639
16 6.915
17 8.115
18 9.569
19 11.030
20 11.722
21 12.268
22 12.255
23 11.978
24 11.787
25 10.506
26 9.217
27 7.540
28 6.736
29 5.247
30 4.712
